1,20190101/140,23,6
1,20190102/24,24,1
1,20190103/20,20,1
1,20190108/40,20,2
1,20190109/56,28,2
1,20190110/20,20,1
1,20190111/48,24,2
1,20190104/30,30,1
1,20190105/50,25,2
1,20190106/52,26,2
1,20190107/50,25,2
3,20190102/50,25,2
3,20190103/46,23,2
3,20190104/26,26,1
3,20190105/48,24,2
2,20190129/40,20,2
2,20190130/48,24,2
2,20190131/30,30,1
3,20190101/58,29,2
3,20190110/42,21,2
3,20190111/60,30,2
3,20190112/50,25,2
3,20190113/42,21,2
3,20190106/58,29,2
3,20190107/42,21,2
3,20190108/56,28,2
3,20190109/42,21,2
2,20190117/54,27,2
2,20190118/52,26,2
2,20190119/29,29,1
2,20190120/24,24,1
2,20190113/54,27,2
2,20190114/40,20,2
2,20190115/46,23,2
2,20190116/44,22,2
2,20190125/56,28,2
2,20190126/52,26,2
2,20190127/60,30,2
2,20190128/52,26,2
2,20190121/46,23,2
2,20190122/127,25,5
2,20190123/40,20,2
2,20190124/56,28,2
2,20190101/48,24,2
2,20190102/42,21,2
2,20190103/48,24,2
2,20190104/42,21,2
1,20190128/46,23,2
1,20190129/44,22,2
1,20190130/58,29,2
1,20190131/54,27,2
2,20190109/50,25,2
2,20190110/40,20,2
2,20190111/44,22,2
2,20190112/40,20,2
2,20190105/52,26,2
2,20190106/50,25,2
2,20190107/48,24,2
2,20190108/46,23,2
1,20190116/40,20,2
1,20190117/42,21,2
1,20190118/58,29,2
1,20190119/44,22,2
1,20190112/52,26,2
1,20190113/60,30,2
1,20190114/44,22,2
1,20190115/60,30,2
1,20190124/58,29,2
1,20190125/50,25,2
1,20190126/54,27,2
1,20190127/56,28,2
1,20190120/52,26,2
1,20190121/52,26,2
1,20190122/60,30,2
1,20190123/58,29,2
4,20190131/46,23,2
4,20190119/54,27,2
4,20190120/54,27,2
4,20190121/44,22,2
4,20190122/21,21,1
4,20190115/44,22,2
4,20190116/46,23,2
4,20190117/56,28,2
4,20190118/60,30,2
4,20190127/28,28,1
4,20190128/25,25,1
4,20190129/52,26,2
4,20190130/48,24,2
4,20190123/54,27,2
4,20190124/56,28,2
4,20190125/56,28,2
4,20190126/118,23,5
4,20190103/58,29,2
4,20190104/52,26,2
4,20190105/46,23,2
4,20190106/42,21,2
3,20190130/23,23,1
3,20190131/50,25,2
4,20190101/44,22,2
4,20190102/54,27,2
4,20190111/46,23,2
4,20190112/58,29,2
4,20190113/52,26,2
4,20190114/52,26,2
4,20190107/46,23,2
4,20190108/46,23,2
4,20190109/54,27,2
4,20190110/52,26,2
3,20190118/42,21,2
3,20190119/50,25,2
3,20190120/48,24,2
3,20190121/50,25,2
3,20190114/48,24,2
3,20190115/60,30,2
3,20190116/58,29,2
3,20190117/40,20,2
3,20190126/67,22,3
3,20190127/58,29,2
3,20190128/29,29,1
3,20190129/137,27,5
3,20190122/56,28,2
3,20190123/52,26,2
3,20190124/42,21,2
3,20190125/30,30,1
